   1   2   3   4    5   6   7   8   9   ...  49  50  51  52  53  54  55  56  57
0   1   0   3   0  NaN   0   2   2   2  ...   2   2   2   2   1   1   1   2   2
1   1   0   3   3  1.0   0   3   1   3  ...   2   2   2   2   2   2   1   2   2
2   1   0   3   3  2.0   0   3   3   3  ...   2   2   2   2   2   2   2   1   2
3   1   0   2   3  2.0   1   3   3   3  ...   2   2   2   2   2   2   2   2   2
4   1   0   3   2  1.0   1   3   3   3  ...   2   2   2   2   2   2   1   2   2

[5 rows x 57 columns]
Dataset loaded successfully!
Attribute 5 has 4 missing data.
Attribute 39 has 1 missing data.
Missing data handled using mode!
   1   2   3   4    5   6   7   8   9   ...  49  50  51  52  53  54  55  56  57
0   1   0   3   0  1.0   0   2   2   2  ...   2   2   2   2   1   1   1   2   2
1   1   0   3   3  1.0   0   3   1   3  ...   2   2   2   2   2   2   1   2   2
2   1   0   3   3  2.0   0   3   3   3  ...   2   2   2   2   2   2   2   1   2
3   1   0   2   3  2.0   1   3   3   3  ...   2   2   2   2   2   2   2   2   2
4   1   0   3   2  1.0   1   3   3   3  ...   2   2   2   2   2   2   1   2   2

[5 rows x 57 columns]
-------------------------Task-1-Started---------------------------
The shape of training dataset (25, 57)
The shape of testing dataset (7, 57)
    count  mean       std  min  25%  50%  75%  max
2    25.0  0.00  0.000000  0.0  0.0  0.0  0.0  0.0
3    25.0  2.32  0.556776  1.0  2.0  2.0  3.0  3.0
4    25.0  2.00  1.000000  0.0  2.0  2.0  3.0  3.0
5    25.0  1.36  0.568624  0.0  1.0  1.0  2.0  2.0
6    25.0  0.28  0.458258  0.0  0.0  0.0  1.0  1.0
7    25.0  2.16  0.746101  1.0  2.0  2.0  3.0  3.0
8    25.0  2.16  0.746101  1.0  2.0  2.0  3.0  3.0
9    25.0  2.40  0.763763  1.0  2.0  3.0  3.0  3.0
10   25.0  1.20  0.577350  1.0  1.0  1.0  1.0  3.0
11   25.0  1.44  0.583095  1.0  1.0  1.0  2.0  3.0
12   25.0  1.52  0.714143  1.0  1.0  1.0  2.0  3.0
13   25.0  0.84  0.898146  0.0  0.0  1.0  1.0  3.0
14   25.0  1.92  0.812404  1.0  1.0  2.0  3.0  3.0
15   25.0  2.24  0.723418  1.0  2.0  2.0  3.0  3.0
16   25.0  2.20  0.763763  1.0  2.0  2.0  3.0  3.0
17   25.0  1.28  0.458258  1.0  1.0  1.0  2.0  2.0
18   25.0  1.84  0.374166  1.0  2.0  2.0  2.0  2.0
19   25.0  1.84  0.374166  1.0  2.0  2.0  2.0  2.0
20   25.0  0.44  0.820569  0.0  0.0  0.0  0.0  2.0
21   25.0  1.08  0.953939  0.0  0.0  1.0  2.0  2.0
22   25.0  1.76  0.435890  1.0  2.0  2.0  2.0  2.0
23   25.0  1.80  0.408248  1.0  2.0  2.0  2.0  2.0
24   25.0  1.80  0.408248  1.0  2.0  2.0  2.0  2.0
25   25.0  1.24  0.522813  1.0  1.0  1.0  1.0  3.0
26   25.0  1.68  0.556776  1.0  1.0  2.0  2.0  3.0
27   25.0  1.84  0.800000  1.0  1.0  2.0  2.0  3.0
28   25.0  2.32  0.476095  2.0  2.0  2.0  3.0  3.0
29   25.0  2.04  0.611010  1.0  2.0  2.0  2.0  3.0
30   25.0  2.12  0.725718  1.0  2.0  2.0  3.0  3.0
31   25.0  1.28  0.541603  1.0  1.0  1.0  1.0  3.0
32   25.0  2.24  0.925563  1.0  1.0  3.0  3.0  3.0
33   25.0  2.24  0.925563  1.0  1.0  3.0  3.0  3.0
34   25.0  2.64  0.700000  1.0  3.0  3.0  3.0  3.0
35   25.0  1.68  0.748331  1.0  1.0  2.0  2.0  3.0
36   25.0  1.72  0.737111  1.0  1.0  2.0  2.0  3.0
37   25.0  1.68  0.556776  1.0  1.0  2.0  2.0  3.0
38   25.0  1.72  0.737111  1.0  1.0  2.0  2.0  3.0
39   25.0  1.72  0.613732  1.0  1.0  2.0  2.0  3.0
40   25.0  2.00  0.500000  1.0  2.0  2.0  2.0  3.0
41   25.0  2.00  0.500000  1.0  2.0  2.0  2.0  3.0
42   25.0  1.56  0.650641  1.0  1.0  1.0  2.0  3.0
43   25.0  1.80  0.645497  1.0  1.0  2.0  2.0  3.0
44   25.0  2.08  0.400000  1.0  2.0  2.0  2.0  3.0
45   25.0  1.88  0.525991  1.0  2.0  2.0  2.0  3.0
46   25.0  2.00  0.408248  1.0  2.0  2.0  2.0  3.0
47   25.0  1.96  0.454606  1.0  2.0  2.0  2.0  3.0
48   25.0  2.08  0.276887  2.0  2.0  2.0  2.0  3.0
49   25.0  2.08  0.276887  2.0  2.0  2.0  2.0  3.0
50   25.0  2.00  0.408248  1.0  2.0  2.0  2.0  3.0
51   25.0  2.04  0.351188  1.0  2.0  2.0  2.0  3.0
52   25.0  1.96  0.454606  1.0  2.0  2.0  2.0  3.0
53   25.0  1.84  0.472582  1.0  2.0  2.0  2.0  3.0
54   25.0  1.88  0.439697  1.0  2.0  2.0  2.0  3.0
55   25.0  1.64  0.489898  1.0  1.0  2.0  2.0  2.0
56   25.0  1.80  0.408248  1.0  2.0  2.0  2.0  2.0
57   25.0  1.72  0.458258  1.0  1.0  2.0  2.0  2.0
Attribute 2 has 0 std in the training set, hence droping it.
Normalization complete
-------------------------Task-1-Finished--------------------------
-------------------------Task-2-Started---------------------------
Training Accuracy for SVM with linear kernel = 1.0
Testing Accuracy for SVM with linear  kernel = 0.5714285714285714
Training Accuracy for SVM with poly kernel = 0.88
Testing Accuracy for SVM with poly  kernel = 0.42857142857142855
Training Accuracy for SVM with rbf kernel = 0.92
Testing Accuracy for SVM with rbf  kernel = 0.5714285714285714
-------------------------Task-2-Finished--------------------------
-------------------------Task-3-Started---------------------------
Single Hidden Layer has (16,) nodes
Testing Accuracy for MLP with Single Hidden Layer  = 0.8571428571428571
Multi Hidden Layer has (256, 16) nodes
Testing Accuracy for MLP with Multi Hidden Layer  = 0.42857142857142855
-------------------------Task-3-Finished--------------------------
-------------------------Task-4-Started---------------------------
Testing Accuracy for MLP with learning rate 0.1  = 0.8571428571428571
Testing Accuracy for MLP with learning rate 0.01  = 0.7142857142857143
Testing Accuracy for MLP with learning rate 0.001  = 0.8571428571428571
Testing Accuracy for MLP with learning rate 0.0001  = 0.42857142857142855
Testing Accuracy for MLP with learning rate 1e-05  = 0.5714285714285714
-------------------------Task-4-Finished--------------------------
-------------------------Task-5-Started---------------------------
Testing Accuracy for MLP = 0.7142857142857143
Attribute 21 added to the optimal attribute subset
55 attributes remaining

Testing Accuracy for MLP = 0.8571428571428571
Attribute 2 added to the optimal attribute subset
54 attributes remaining

Performance did not improve this round.
End of Stepwise Forward Selection.
The best set of features are [1, 2, 21], here we have also included the label class 1
-------------------------Task-5-Finished--------------------------
-------------------------Task-6-Started---------------------------
Testing Accuracy for Max Vote Ensemble model = 0.5714285714285714
-------------------------Task-6-Finished--------------------------
